3507
4327
2482
2131
3890
807
2562
2370
2863
484
118
1210
3285
3554
1638
1899
2864
2671
3465
3993
586
3671
2216
2443
2347
1147
4636
4486
2426
759
550
3061
4008
4455
4152
2494
1510
70
3534
3627
4368
2649
4583
2477
2548
3885
2946
4121
2886
153
3619
3395
3335
298
1879
4837
2112
40
4785
2743
1171
3076
4944
2105
4934
2057
2202
3830
4403
4145
390
2794
4137
4838
4626
2937
4089
4739
4896
3463
3201
516
1601
2274
2140
2156
4726
3710
2577
4315
382
1470
286
791
2456
1292
2706
2479
2544
491
1683
4116
4719
3741
4763
825
4258
3498
672
3943
749
2373
145
1322
4542
656
1475
2670
4965
2778
2331
3493
1254
88
3763
3920
2509
3347
2383
3335
232
1610
2196
4405
1781
4085
797
2860
2512
1315
2899
1229
3038
3634
3567
3010
1326
3964
1249
1801
4817
36
2514
4767
3160
3191
2863
4632
4979
844
3317
912
1115
2338
3712
4139
177
740
4542
458
4859
3616
159
3650
4880
1103
455
2621
1521
753
2595
3546
2098
583
3518
196
4097
2430
1246
3591
1223
1166
2882
1669
2999
1988
114
701
4922
4429
2833
587
4422
792
1942
1202
4878
3864
4888
2058
2736
242
3111
4226
3250
4771
3814
533
3821
3517
42
2748
4495
952
4235
3693
735
3491
652
2893
989
4755
2699
2092
2920
2008
4124
1306
3641
2316
319
233
2543
4188
855
982
3056
3656
3420
3228
3174
4582
1880
1406
4387
85
1092
3471
1558
3249
468
1387
3213
1995
1069
2982
2544
1019
1307
1242
648
2508
1892
1506
3199
4810
206
307
98
3254
638
2079
72
2424
4719
1408
2875
1293
2706
2836
916
654
4749
393
1848
3932
2020
548
3120
2873
3438
2037
2350
2178
2581
666
2690
375
3208
4578
4880
786
3374
3305
2611
3389
1316
790
2277
4662
107
1251
3314
3471
326
4995
2760
1500
4658
4267
2790
4659
2188
2225
4816
3602
4730
2894
4844
4053
3719
2501
3086
3128
2956
131
2280
1445
2782
3460
2617
1231
3271
3459
2767
2188
3723
3879
1853
2586
2907
1190
718
3941
1788
221
3599
1149
3489
4010
3660
3422
947
3224
943
2607
3165
187
516
196
2715
1315
3719
1199
1651
1560
1388
3729
4459
2629
4880
852
1041
2258
1147
2530
1783
4145
1341
2736
1532
1132
2956
3772
4800
4195
285
48
2516
160
4023
3537
3363
1658
4872
1592
2471
4520
2291
228
3833
4870
1691
861
4130
2808
2382
3689
2078
3414
824
4021
3846
2781
3664
1584
3359
4947
1399
2457
1276
1341
1214
4300
3606
1344
2489
4384
2387
4555
59
2264
1855
1113
3903
1663
4442
2096
4643
1993
1814
1596
2970
4103
4336
3
4691
583
2995
3288
3234
2524
3121
4835
3953
2493
3657
2392
2256
2787
320
2998
1302
2524
3355
3560
2166
2734
3878
2002
2142
1264
305
4406
644
4681
3372
2111
4964
3603
1654
1906
1390
4099
1322
2535
4143
2021
2161
1411
3006
2051
4841
1856
1674
3816
294
447
748
776
2837
1957
1706
993
1146
1970
2219
3716
4191
4273
4121
1546
2428
3653
1134
3414
1609
2203
1202
820
4418
146
574
2468
3996
92
1424
3450
2733
1828
4387
2925
1364
4188
767
4697
201
397
2953
4352
316
428
2830
2889
2290
1460
4623
1188
723
3260
2208
3091
4245
4928
1359
2691
1384
4238
1998
1055
547
3770
983
2364
4886
1197
182
3241
2887
1437
3213
1213
4251
1851
504
3990
2317
2686
179
2536
470
236
2727
4473
4621
1296
3681
1437
2829
3076
3313
964
3400
1899
3805
1547
4446
466
3003
1093
1279
1382
3302
4286
48
995
3841
2394
4424
2370
374
3699
4059
4462
585
311
1044
1510
2743
3591
2516
3746
413
4811
3124
2250
2813
2352
3046
3958
4545
1851
4683
4086
1258
4088
1935
3441
4426
3626
2455
1287
2013
460
2702
4615
1905
3939
1314
3494
503
2936
2723
4412
3577
2533
970
3491
1162
2798
3183
1490
4349
466
2825
3524
4016
4974
3204
1498
3377
2603
2085
4118
1136
1230
1734
4954
2110
3510
346
3875
1038
4552
3455
1610
4128
271
509
3726
3119
3444
2279
1629
444
966
1939
1547
2635
4179
599
1932
735
4817
118
2901
851
3606
3277
2348
799
1017
1382
2652
2452
4308
452
4797
2011
1216
4396
3745
4465
4478
3379
4934
324
456
3674
170
4292
187
2319
2932
2912
3415
3141
1222
4435
555
759
523
1995
3162
2927
2102
2063
4627
4177
1137
515
2143
4537
1419
4784
1854
2467
1257
1439
185
2577
395
4932
3107
3057
613
3698
3451
4741
4038
1168
4231
362
1456
458
3873
1751
1304
1552
1277
2871
698
1280
2538
4656
2150
651
901
3148
1059
948
1884
4784
4251
2979
364
591
3889
106
2314
3405
3613
4887
140
4969
1285
1781
3081
962
911
104
1164
4706
162
2314
1879
4116
2395
3452
908
4963
2798
303
3682
3090
4284
4448
1112
3478
94
3283
2863
1199
4238
2873
4258
811
1140
2570
3372
369
2571
4940
2238
956
4785
2178
4622
1937
1100
1249
3197
437
4199
2352
608
3311
1205
2051
685
1837
670
4603
868
2629
2241
4966
469
2290
3057
1069
2976
4826
80
539
2393
2858
3066
2727
3305
2107
4826
4175
2378
3846
87
2426
2001
1886
2265
948
4606
4090
1885
1535
4700
2968
4072
4609
3715
4820
1710
2333
3881
32
3273
3372
358
3660
4960
2750
245
3479
3746
3579
2012
1495
2226
2022
2543
4816
2965
3584
25
2109
1463
3887
2941
3546
839
4425
3786
3457
4012
3485
398
2493
294
2346
574
1715
2069
3341
1926
4516
703
1128
344
3306
4524
3206
743
2050
2067
3900
1855
3127
2309
1773
3570
4386
431
1813
2822
535
3964
1789
4468
261
3182
4519
1201
4880
1449
828
2748
4625
1658
509
1406
